<?xml version="1.0" standalone="no"?>
<!DOCTYPE svg PUBLIC "-//W3C//DTD SVG 1.1//EN" "http://www.w3.org/Graphics/SVG/1.1/DTD/svg11.dtd" >
<!--
2022-11-22: Created with FontForge (http://fontforge.org)
-->
<svg xmlns="http://www.w3.org/2000/svg" xmlns:xlink="http://www.w3.org/1999/xlink" version="1.1">
<metadata>
Created by FontForge 20220308 at Tue Nov 22 02:55:39 2022
 By juanh
Copyright (c) 2022, juanh
</metadata>
<defs>
<font id="Untitled1" horiz-adv-x="1000" >
  <font-face 
    font-family="Untitled1"
    font-weight="400"
    font-stretch="normal"
    units-per-em="1000"
    panose-1="2 0 5 9 0 0 0 0 0 0"
    ascent="800"
    descent="-200"
    cap-height="756"
    bbox="162.953 -20.0988 977.824 778.027"
    underline-thickness="50"
    underline-position="-100"
    unicode-range="U+0041-0056"
  />
    <missing-glyph />
    <glyph glyph-name="A" unicode="A" 
d="M280.925 372c30 51 63 71 90 124c49 97 40 172 104 260c20 28 68 30 88 2c63 -87 48 -162 96 -258c30 -59 72 -77 102 -136c34 -67 51 -109 58 -184c2 -27 -10 -54 -36 -60c-42 -9 -75 -2 -106 28c-26 25 -9 55 -16 90c-4 23 -1 39 -12 60c-11 22 -21 35 -42 48
c-26 15 -44 18 -74 20c-31 2 -50 1 -80 -8c-23 -7 -38 -14 -54 -32c-15 -18 -18 -33 -22 -56c-4 -18 5 -29 2 -48s-9 -29 -18 -46c-9 -16 -13 -27 -28 -38c-18 -13 -31 -16 -52 -20c-36 -7 -63 -28 -94 -8c-19 13 12 34 20 56c5 15 8 23 14 38c8 20 11 32 20 52
c13 31 25 47 36 78c5 14 -3 25 4 38z" />
    <glyph glyph-name="B" unicode="B" 
d="M279.8 758zM234.8 762c2.74023 2.45215 6.38672 -4.24414 9 -4c8.07129 0.755859 14.8193 1.22266 24 1c29.0566 -0.703125 63.04 -6.47461 99 -10c52 -5 81 -7 133 -13c23 -3 37 -4 59 -11c27 -9 42 -15 66 -30c15 -9 24 -15 32 -30c7 -12 6 -21 5 -34
c-1 -15 -5 -22 -10 -36c-4 -13 -6 -22 -13 -34s-14 -17 -22 -29c-12 -19 -18 -29 -28 -50c-7 -15 -11 -24 -14 -39s-4 -23 -3 -38c0 -6 2 -11 7 -15c10 -8 17 -13 29 -16c17 -4 28 -1 46 -3c13 -2 21 -4 34 -8c15 -5 23 -8 36 -17c12 -9 20 -14 27 -28c13 -25 17 -41 23 -69
c2 -10 -1 -16 -3 -27c-2 -10 -1 -16 -6 -25c-7 -13 -9 -22 -22 -30c-40 -23 -64 -36 -108 -47c-50 -12 -81 -14 -132 -11c-40 3 -64 9 -100 26c-26 13 -42 24 -57 49c-38 62 -54 101 -76 170c-18 55 -17 90 -25 147c-7 50 -9 78 -11 128
c-1.29297 33.626 -6.74609 67.7441 -7 95c-0.138672 14.8926 -5.78027 25.6328 8 38z" />
    <glyph glyph-name="C" unicode="C" 
d="M233.318 760c1.10742 7.56836 162 -5.82031 265 -6c54.0371 -0.09375 85 -2 137 -12s84 -13 131 -38c11 -6 5 -20 1 -31c-5 -13 -12 -20 -24 -26c-17 -10 -30 -11 -49 -14c-23 -4 -37 -1 -60 -5c-32 -6 -52 -4 -80 -20c-22 -12 -32 -26 -43 -49c-11 -22 -9 -38 -10 -62
c-1 -18 -1 -28 5 -45c7 -20 12 -33 28 -48c17 -16 30 -23 52 -29c29 -8 47 -1 77 -6c20 -3 34 -3 50 -14c23 -17 34 -30 47 -56c11 -23 14 -39 11 -64s-9 -40 -24 -61c-13 -17 -25 -24 -44 -33c-26 -13 -42 -19 -70 -23c-52 -8 -82 -16 -135 -9c-48 7 -76 16 -117 43
c-32 22 -44 43 -63 77c-27 50 -38 81 -53 136c-14 50 -14.6592 81.0479 -22 132c-7.59082 52.6846 -12.1484 54.5967 -13 131c-0.500977 45.0039 -7.87988 57.6768 3 132z" />
    <glyph glyph-name="D" unicode="D" 
d="M230.043 754c1.0498 4.83105 81.0586 -1.33789 135 -4c43.0518 -2.125 66 -3 109 -9c23 -3 36 -7 59 -13c18 -5 28 -10 46 -16c22 -8 36 -10 57 -20c23 -11 35 -18 55 -33c16 -12 25 -19 38 -35c10 -11 13 -19 20 -32c8 -15 13 -24 17 -41c5 -21 6 -34 6 -55
c0 -17 1 -27 -4 -44c-9 -32 -16 -50 -30 -80c-8 -18 -15 -26 -25 -43c-5 -9 -8 -15 -14 -23c-14 -18 -22 -27 -37 -43c-11 -12 -18 -18 -31 -28c-51 -37 -79 -59 -132 -92c-17 -11 -27 -16 -46 -21c-29 -7 -46 -10 -75 -10c-19 0 -32 0 -47 10c-18 12 -23 26 -34 45
c-10 17 -14 28 -20 47c-8 25 -11 40 -16 65c-7 33 -10 51 -14 84c-4 35 -3 55 -5 90c-4 53 -8.28125 83.9844 -11 137c-2 39 1.44043 55.9893 1 95c-0.293945 26.0029 -7.74023 42.583 -2 69z" />
    <glyph glyph-name="E" unicode="E" 
d="M229.727 758c2.19629 -80.6475 -4.00879 -91.0713 3 -132c8.44531 -49.3223 2 -79 8 -129s10 -78 24 -127c15 -52 24 -82 48 -131c15 -32 25 -51 51 -75c26 -25 46 -34 79 -47c20 -8 33 -6 54 -6c53 -1 83 -2 136 4c39 4 62 6 98 21c20 8 40 16 40 38
c-1 26 -20 38 -42 51c-23 13 -41 10 -67 13s-42 -4 -68 3c-36 10 -64 10 -88 38c-15 17 -6 37 5 58c8 15 20 16 36 22c17 6 28 6 46 8c16 2 24 2 40 3c28 2 44 0 72 4c13 2 21 5 32 12c13 9 21 15 28 29c6 12 7 21 2 33c-7 17 -17 25 -32 35c-13 9 -22 10 -37 12
c-33 4 -52 3 -85 4c-13 1 -22 -4 -34 1c-32 14 -51 22 -76 46c-8 8 -5 17 -2 28c4 14 9 23 20 32c14 11 26 11 42 16c13 4 21 5 35 6c27 2 43 -4 69 2c31 7 49 13 76 31c9 6 8 16 12 26c5 12 9 19 12 32c2 8 1 12 1 20c0 6 6 15 0 16c-51 7 -81 2 -133 3c-54 1 -84 2 -138 2
c-52 0 -82.2393 0.980469 -134 -4c-51.3936 -4.94531 -133.54 21.8369 -133 2z" />
    <glyph glyph-name="F" unicode="F" 
d="M229.556 756c0.46875 12.2695 83.792 -3.9873 137 -3c53 0.983398 83 -1 136 -3c52 -2 81 -2 133 -8c32 -4 50 -7 81 -17c22 -7 39 -9 53 -28c8 -11 1 -23 -7 -35c-10 -14 -20 -19 -36 -25c-21 -7 -34 -6 -56 -8c-28 -3 -44 -1 -72 -4c-24 -3 -39 -1 -60 -12
c-18 -10 -27 -21 -36 -39c-5 -9 -3 -17 2 -27c8 -15 15 -23 30 -31c18 -10 31 -9 51 -12c18 -3 29 -2 47 -4c17 -2 26 -3 43 -5c15 -2 25 0 39 -5c19 -7 34 -8 45 -26s12 -35 5 -55c-5 -15 -18 -19 -33 -26c-14 -7 -24 -7 -40 -9c-30 -4 -49 2 -78 -7
c-38 -11 -60 -20 -91 -44c-13 -10 -11 -22 -15 -38c-5 -21 -4 -34 -8 -55c-5 -24 -3 -39 -14 -60c-10 -20 -21 -29 -39 -41c-15 -10 -26 -10 -43 -13c-20 -3 -33 -8 -53 -3c-15 4 -21 14 -32 24c-10 10 -17 16 -23 29c-16 38 -23 60 -32 100c-8 38 -7 61 -12 100
c-3 25 -6 39 -9 64c-4 38 -6.01172 58.999 -9 97c-3.62109 46.0293 1.58496 24.4297 -5 114c-2.58594 35.165 -2.02246 35.9189 1 115z" />
    <glyph glyph-name="G" unicode="G" 
d="M229.867 729c-0.101562 55.2861 73.0674 19.2344 135 24c51.8857 3.99219 82 0 134 -5c38 -4 61 -6 96 -19c13 -5 23 -11 25 -25c2 -12 -8 -18 -18 -25c-20 -14 -36 -16 -57 -28c-20 -12 -31 -20 -50 -34c-23 -17 -38 -24 -57 -45c-25 -29 -38 -47 -55 -81
c-11 -22 -15 -36 -17 -60c-2 -37 2 -58 7 -95c2 -13 6 -21 12 -32c9 -17 11 -30 27 -41c22 -15 39 -17 66 -22c21 -4 34 -4 56 -2c23 2 37 0 58 10c17 8 26 16 34 33c9 19 11 33 5 53c-5 16 -14 26 -30 32c-19 7 -32 -4 -53 -1c-12 2 -16 9 -27 14c-16 7 -28 5 -43 15
c-22 15 -32 29 -50 49c-7 8 -21 14 -14 22c17 20 34 23 59 30c16 5 26 -1 43 -1c26 0 41 4 67 2c32 -3 49 -7 80 -15c13 -4 21 -7 32 -15c16 -11 26 -18 37 -33c14 -20 19 -33 28 -56c5 -15 5 -24 7 -39s4 -23 3 -38c-1 -18 -2 -28 -6 -46c-3 -16 -5 -25 -12 -40
s-12 -25 -23 -37c-10 -12 -19 -16 -32 -24c-16 -9 -25 -13 -42 -20c-15 -6 -24 -10 -39 -13c-25 -5 -39 -8 -64 -8c-42 -1 -66 -5 -107 5c-32 8 -47 21 -74 40c-17 12 -26 20 -38 38c-17 26 -22 43 -34 71c-13 30 -22 47 -30 79c-13 49 -16.083 76.9863 -24 127
c-6.54199 41.334 -7.41797 54.7588 -12 105c-3.19824 35.0732 0.0166016 49.7959 -2 78c-1.44043 20.1514 -0.856445 -4.77734 -1 73z" />
    <glyph glyph-name="H" unicode="H" 
d="M245.772 754c-7 -48 0 -76 -1 -124c-1 -50 -2 -79 -5 -129c-3 -53 -5 -84 -10 -137c-5 -52 -6 -82 -16 -133c-5 -25 -13 -37 -23 -61c-6 -14 -15 -20 -16 -35c0 -8 6 -12 13 -16c9 -6 15 -7 27 -9c16 -2 25 -2 41 -1s26 -1 41 5c14 6 23 11 32 23c11 14 14 24 18 41
c6 25 -1 41 8 65c6 17 14 27 29 37c22 14 37 16 62 21c16 3 26 2 42 1c28 -2 45 0 72 -9c14 -4 20 -12 29 -23c11 -14 14 -24 19 -41c5 -19 2 -31 7 -51c6 -23 6 -39 20 -57c9 -11 21 -15 34 -12c16 4 26 14 32 29c14 38 13 63 16 103c4 49 -4 77 3 127c6 47 11 74 30 118
c4 11 16 9 26 14c12 7 28 4 32 17c16 54 21 87 15 143c-4 36 -16 55 -38 84c-9 11 -20 9 -35 9c-23 -1 -38 0 -58 -12c-15 -9 -18 -21 -27 -37c-13 -23 -20 -36 -28 -61c-7 -20 -3 -34 -11 -54c-10 -24 -17 -37 -35 -56c-12 -13 -21 -17 -38 -22c-26 -8 -42 -8 -69 -10
c-18 -1 -27 -2 -45 2c-20 5 -31 10 -48 21c-12 7 -18 13 -25 25c-7 13 -7 23 -9 37c-3 16 -1 25 -4 41c-8 34 -9 55 -24 87c-6 13 -14 17 -27 25c-14 8 -23 11 -39 15c-6 2 -16 7 -17 0z" />
    <glyph glyph-name="I" unicode="I" 
d="M234.888 756c9.75781 -4.02539 38.25 -2.58203 78 -3c41.0098 -0.430664 63 2 104 0c43 -2 66 -5 109 -8c39 -3 62 -2 101 -8c30 -4 47 -7 75 -17c15 -5 26 -8 34 -22c6 -11 3 -21 -3 -33c-6 -11 -13 -15 -24 -20c-18 -8 -30 -9 -49 -12c-24 -4 -41 5 -63 -8
c-25 -14 -34 -31 -47 -56c-14 -26 -18 -44 -21 -73c-5 -49 -2 -77 0 -127c1 -18 -1 -30 6 -47c12 -29 18 -49 42 -69c17 -14 34 -17 56 -13c33 6 49 21 78 39c22 13 26 33 51 40c11 3 17 -9 22 -19c8 -17 12 -29 10 -47c-2 -28 -5 -44 -20 -68c-12 -20 -24 -29 -45 -39
c-34 -16 -56 -18 -93 -25c-32 -6 -50 -8 -82 -9c-53 -1 -83 -1 -136 3c-41 3 -64 2 -104 14c-29 9 -45 18 -69 38c-17 14 -25 26 -32 47c-8 26 -9 43 -5 70c3 25 9 39 22 60c8 13 14 22 29 25s26 -2 38 -13s12 -22 16 -37c6 -22 -3 -40 11 -57s32 -28 52 -21
c21 8 20 29 28 50c7 20 9 33 10 54c3 60 4 93 2 153c-1 17 -2.08984 27.5361 -8 44c-14 39 -30 56 -71 82c-13.1914 8.36523 -24 0 -40 4c-21 5 -34 7 -51 19c-13 9 -17 20 -24 34c-6 13 -9.05176 49.1416 -9 35c0.180664 -48.8662 -23.7207 58.8613 22 40z" />
    <glyph glyph-name="J" unicode="J" 
d="M283.048 644c-4.65527 21.5254 38.9668 26.1758 60 30c11 2 19 3 29 0c12 -4 20 -8 26 -18c6 -11 0 -20 4 -32s8 -20 17 -29c12 -12 21 -18 36 -26c13 -6 21 -6 35 -9c12 -3 20 -4 32 -5c16 -1 24 0 40 0c20 0 31 -1 51 1s31 5 51 10c19 5 30 7 47 14c14 5 25 5 35 17
c12 14 8 27 15 45c2 6 2 14 8 14c8 0 11 -8 15 -15c20 -34 31 -53 46 -89c6 -15 7 -25 7 -41c0 -10 0 -17 -6 -25c-12 -15 -21 -23 -39 -30c-17 -7 -29 0 -47 -4c-19 -4 -32 -5 -47 -16s-19 -22 -28 -38c-10 -16 -15 -26 -20 -44c-4 -13 -3 -21 -4 -35c-3 -29 -3 -46 -7 -75
c-5 -35 -4 -56 -18 -89c-11 -25 -25 -34 -45 -53c-14 -13 -23 -18 -40 -28c-9 -6 -15 -9 -26 -11c-18 -4 -29 -4 -47 -5c-23 -2 -36 -3 -59 -3c-46 -1 -71 -2 -117 0c-21 1 -34 0 -54 6c-23 6 -36 11 -55 24c-9 6 -16 13 -15 24c1 15 8 25 20 34c13 10 24 9 41 12
c11 2 19 -5 29 0c11 6 13 15 20 26c6 10 6 18 13 28c8 11 14 17 25 25c12 9 20 15 34 19c19 5 30 3 49 3c17 0 26 -5 43 -2c12 2 19 7 29 13c15 9 25 13 36 27s14 25 18 42c3 15 4 24 0 40c-3 13 -7 21 -17 31c-18 19 -28 31 -51 41c-17 8 -30 -2 -48 3c-26 7 -41 11 -63 27
c-14 10 -20 20 -26 36c-14 35 -15.2666 57.3701 -24 94c-4.91797 20.626 -1.86523 7.62988 -8 36z" />
    <glyph glyph-name="K" unicode="K" 
d="M201.5 758c-0.244141 4.06348 60.9482 -9.58008 92 -31c18.9512 -13.0723 21 -29 28 -51c6 -16 0 -27 4 -44c4 -18 2 -33 17 -43c12 -8 24 1 37 7c19 9 27 18 43 31c13 11 17 20 30 31c17 14 27 23 46 34c23 13 35 22 61 26c20 3 33 -1 52 -9c9 -4 10 -13 14 -21
c4 -9 6 -15 8 -24c2 -10 1 -15 0 -25s-1 -17 -6 -26c-8 -15 -17 -21 -28 -34c-10 -12 -15 -19 -25 -31c-15 -16 -26 -23 -39 -41c-10 -14 -14 -23 -19 -40c-3 -12 -4 -20 0 -31c7 -18 13 -27 27 -41c12 -12 21 -16 36 -22c23 -9 38 -8 61 -16c25 -9 39 -15 63 -29
c19 -11 29 -20 46 -35c13 -11 23 -16 32 -31c11 -18 13 -31 16 -52c2 -16 1 -25 -3 -41c-2 -10 -3 -18 -12 -23c-15 -9 -27 -11 -44 -11c-26 0 -40 5 -65 11c-29 7 -46 11 -73 22c-29 11 -44 23 -73 35c-33 14 -51 23 -85 33c-24 7 -39 17 -62 10c-28 -9 -46 -21 -59 -48
c-18 -37 -1 -67 -17 -105c-5 -13 -19 -16 -33 -14s-22 9 -29 21c-12 21 -12 36 -16 59c-6 40 -7 63 -10 104c-5 63 -10.041 97.999 -12 161c-1.89746 61.0459 3.46777 13.1709 5 106c0.277344 16.7744 5.16992 17.835 -2 94c-0.179688 1.90918 -1.34375 35.1699 -4 96
c-0.255859 5.87891 0.335938 -0.818359 -2 38z" />
    <glyph glyph-name="L" unicode="L" 
d="M203.125 755c29 0 46 -3 75 -6c11 -1 17 -2 27 -6s16 -8 24 -15c9 -8 14 -13 20 -24s7 -18 8 -30c1 -11 -1 -17 -3 -28c-3 -14 -8 -22 -11 -36c-4 -18 -5 -29 -9 -47c-3 -16 -7 -24 -8 -40c-3 -39 -1 -61 -3 -100c-1 -25 -4 -38 -4 -63c0 -20 5 -32 5 -52
c0 -16 -3 -26 -3 -42c0 -13 4 -20 5 -32c1 -10 -4 -18 2 -27c8 -12 16 -19 31 -22s23 5 38 6c14 1 23 2 36 -2c14 -4 18 -15 31 -20c15 -6 25 -6 41 -9c14 -3 22 -4 36 -6c20 -2 31 -7 51 -4c19 3 29 10 47 17c24 9 37 17 62 22c16 3 26 2 43 0c14 -2 23 -1 35 -10
c11 -9 16 -17 18 -31c2 -13 1 -24 -8 -32c-13 -12 -26 -11 -43 -16c-23 -7 -36 -10 -59 -14c-28 -4 -44 -6 -72 -7c-26 -1 -41 -1 -67 0c-42 1 -66 -3 -107 4c-20 3 -29 12 -46 22c-19 11 -29 18 -45 33c-17 17 -26 28 -39 48c-16 24 -22 40 -34 66c-13 29 -23 46 -31 77
c-13 50 -15 79 -22 130c-9 66 -16 104 -21 170c-3 35 2 54 2 89c0 12 0 18 -1 30c0 3 -4 7 -1 7z" />
    <glyph glyph-name="M" unicode="M" 
d="M222.324 412c-1 -19 -2 -29 -1 -48c1 -17 2 -27 4 -44c2 -19 2 -29 7 -48c5 -20 8 -32 17 -51c10 -21 15 -34 30 -52c10 -12 16 -26 32 -25c20 2 27 16 40 31c15 18 20 30 29 51c11 25 15 39 22 66c7 30 10 48 14 78c5 35 -2 56 8 90c4 15 10 30 26 30
c22 1 30 -18 49 -28c13 -7 20 -14 35 -16s24 0 38 6c13 5 15 16 28 22c14 6 24 12 38 7s14 -17 22 -30c9 -15 12 -24 19 -40c6 -13 9 -20 14 -33c7 -19 11 -29 17 -48c7 -21 8 -34 15 -55c6 -19 8 -30 18 -48c3 -5 6 -8 12 -7c5 1 7 6 9 11c4 11 4 18 5 30c3 30 3 47 4 77
c2 54 9 84 4 138c-6 71 -10 112 -32 181c-8 24 -20 39 -42 50c-16 8 -28 -3 -46 -7c-29 -7 -44 -16 -74 -21c-25 -4 -40 -7 -64 -1c-22 5 -31 18 -51 29c-21 12 -31 21 -53 31c-19 9 -31 13 -52 17c-23 5 -39 18 -59 7c-18 -9 -12 -29 -18 -48c-10 -31 -14 -49 -23 -80
c-8 -27 -13 -43 -19 -70c-7 -31 -11 -49 -15 -81c-3 -25 -3 -40 -5 -65c0 -2 -2 -4 -2 -6z" />
    <glyph glyph-name="N" unicode="N" 
d="M385.254 627c14 6 60 -2 96 -10c17 -4 25 -11 40 -19c18 -10 31 -13 45 -28c13 -13 14 -25 21 -42c9 -23 6 -39 20 -59c9 -13 19 -25 34 -20c26 8 34 27 52 47c19 21 26 37 42 60c18 25 25 40 45 64c6 7 14 20 20 13c10 -13 4 -25 2 -41c-4 -31 -9 -48 -16 -78
c-9 -35 -14 -54 -25 -88c-16 -48 -27 -74 -44 -122c-9 -25 -11 -39 -20 -64c-14 -36 -19 -58 -39 -92c-11 -19 -16 -42 -38 -40c-24 2 -31 24 -43 46c-20 38 -23 63 -36 103c-13 38 -11 64 -31 98c-14 24 -26 44 -54 45c-34 1 -51 -20 -77 -42c-28 -25 -35 -46 -58 -76
c-21 -28 -31 -45 -55 -71c-19 -21 -28 -43 -55 -50c-13 -4 -18 17 -17 31c2 27 15 40 24 66c8 24 11 39 21 62c26 60 43 93 71 152c16 35 26 54 43 89c12 26 18.2129 60.0908 32 66z" />
    <glyph glyph-name="O" unicode="O" 
d="M478 748c23.667 -0.749023 -46.7655 -19.2812 -68 -47c-12.0711 -15.7572 -5 -30 -6 -49c-1 -10 2 -16 2 -26c1 -18 1 -28 1 -46v-99c0 -44 2 -70 2 -114c0 -36 -3 -56 -3 -91c0 -64 -19 -104 4 -164c19 -49 54 -65 96 -96c24 -18 43 -19 72 -26c32 -7 51 -10 84 -10
c56 0 89 -2 143 12c37 10 62 18 85 48c35 45 32 83 56 134c9 18 24 24 28 44c7 38 3 61 -1 100c-6 57 -13 89 -26 144c-11 48 -17 75 -37 120c-16 36 -24 60 -54 86c-46 40 -80 54 -136 80c-19 9 -32 6 -53 8c-15 1 -24 1 -39 0c-48 -2 -77 4 -124 -6
c-38 -8 -62 -15 -92 -41c-12 -11 3.08591 -56.6886 -2 -41c-1.45038 4.47404 8.49489 -27.859 22 -35c15.937 -8.42687 28 -6 46 -7c20 -1 31 2 51 2c19 0 30 -2 49 -2s29 2 48 2c23 0 37 0 60 -2c14 -1 22 -3 36 -6c31 -7 54 -3 80 -21s34 -38 46 -67c10 -25 8 -41 11 -68
c1 -8 0 -13 -2 -21c-14 -46 -20 -73 -41 -117c-8 -17 -18 -24 -32 -36c-18 -15 -29 -24 -51 -32c-33 -12 -53 -22 -89 -20s-59 9 -88 31c-20 15 -22 32 -29 56c-6 21 -3 35 -3 57c0 23 1 35 4 58c3 24 4 37 10 60c10 36 17 55 30 90c5 14 31.0554 31.1694 16 36
c-56.952 18.2732 -120.479 -5.24661 -162 15c-44.0791 21.4941 7.64062 108.531 56 107z" />
    <glyph glyph-name="P" unicode="P" 
d="M250.252 495c7 34 13 53 24 86c7 22 13 34 23 55c13 27 17.3594 44.4727 36 68c11.4395 14.4404 20.1611 46.8828 33 51c23.9004 7.66504 40.9453 -1.66309 68 -2c19.998 -0.249023 32 3 52 2c25 -1 38 -3 63 -6c26 -4 41 -6 67 -12c23 -5 37 -9 59 -17
c16 -6 27 -8 39 -20c14 -14 18 -25 26 -43c6 -14 8 -23 10 -38s2 -24 1 -39c-2 -17 -3 -28 -9 -44c-6 -18 -13 -27 -22 -45c-8 -16 -10 -28 -21 -42c-11 -15 -22 -20 -36 -32c-15 -12 -22 -21 -40 -30c-23 -11 -37 -17 -63 -21c-20 -3 -31 1 -51 5c-16 3 -28 0 -40 12
c-7 7 -2 16 1 25s9 12 14 20c8 12 15 18 20 32c6 18 11 29 9 47c-3 20 -10 31 -22 48c-12 18 -21 26 -38 40c-16 13 -25 21 -44 29c-8 3 -17 5 -22 -2c-9 -13 -4 -24 -7 -39c-4 -18 -7 -27 -10 -45c-3 -20 -3 -31 -4 -51c-1 -22 -1 -35 -1 -57c0 -15 1 -23 1 -38
c-1 -45 0 -70 -3 -115c-1 -16 -3 -25 -8 -40c-2 -6 -5 -12 -11 -13c-11 -1 -18 3 -26 10c-13 12 -19 21 -27 37c-14 26 -20 42 -29 70c-7 22 -8 35 -11 58c-3 24 -3 37 -3 61c0 14 -1 22 2 35z" />
    <glyph glyph-name="Q" unicode="Q" 
d="M443.654 496c-12 -15 -12.0498 -52.9502 -26 -88c-6.55273 -16.4639 -5 -27 -10 -44c-9 -30 -12 -47 -25 -76c-11 -25 -15 -44 -37 -60c-18 -13 -38 -18 -55 -6c-26 19 -26 43 -38 73c-14 34 -21 54 -27 90c-4 26 -1 41 0 67c1 30 -1 48 3 78c5 31 6 50 20 78
c22 43 37 68 73 100c21 19 41 16 67 25c25 8 38 15 64 18c36 5 57 3 94 2c32 -1 51 -1 82 -8c20 -5 29 -13 47 -22c20 -10 33 -12 51 -25c12 -9 15 -17 23 -29c11 -16 23 -23 26 -43c3 -25 -4 -39 -11 -63c-5 -18 -8 -28 -18 -43c-16 -24 -27 -37 -49 -56
c-23 -20 -36 -40 -66 -42c-26 -2 -37 18 -57 34c-15 13 -19 25 -32 40c-19 22 -28 36 -49 56c-17 16 -25 29 -47 38c-18 7 -33 10 -49 0c-15 -9 -14 -25 -20 -42c-7 -20 -10 -31 -12 -53c-1 -14 -6 -27 5 -36c10 -8 20 11 32 8c19 -4 30 -11 44 -25c10 -10 9 -21 15 -34
s11 -20 18 -33c13 -25 23 -39 34 -65c17 -39 23 -62 38 -102c10 -27 16 -41 28 -68c7 -16 10 -26 21 -40c5 -6 13 -14 19 -9c12 11 11 23 14 39c4 21 5 34 4 55c-1 26 -2 41 -9 66c-7 28 -13 42 -27 68c-21 39 -33 62 -60 97c-18 23 -31.8779 27.1348 -54 47
c-16.1699 14.5205 -35.541 43.5742 -44 33z" />
    <glyph glyph-name="R" unicode="R" 
d="M262.005 654c1.26562 -35.8262 1.78906 -59.8477 1 -99c-0.685547 -33.9932 1 -52 1 -86c0 -36 -2 -56 -1 -92c1 -29 2 -46 5 -75c3 -33 6 -51 10 -84c3 -25 2 -40 7 -65c7 -36 4 -60 22 -92c6 -10 19 -6 30 -1c13 6 20 14 26 28c11 25 13 41 17 69c5 31 -2 50 6 81
c4 14 10 24 23 29c19 8 33 8 53 1c22 -8 30 -23 49 -36c16 -11 26 -16 42 -27c19 -13 30 -20 49 -34c15 -11 22 -19 38 -29c20 -13 30 -26 54 -29c16 -2 30 6 37 19c10 18 8 33 2 53c-8 30 -17 47 -37 70c-25 27 -45 35 -76 55c-35 24 -57 35 -93 57c-34 21 -58 27 -88 53
c-21 18 -30 33 -39 59c-7 19 -6 33 -1 52c4 15 10 23 22 33c10 8 20 13 32 9s14 -15 19 -26c7 -16 11 -27 9 -44c-1 -13 -20 -17 -16 -30c4 -14 16 -17 30 -20c23 -5 37 -3 60 -1c30 2 48 2 77 11c32 10 49 18 79 35c12 7 27 11 25 25c-8 47 -27 69 -49 112
c-15 30 -23 48 -44 73c-14 17 -26 23 -44 34c-16 10 -25 19 -43 19c-34 0 -53 -10 -86 -20c-25 -8 -37 -15 -61 -25s-36 -17 -61 -27c-21 -8 -35 -10 -56 -19c-12 -5 -30.4717 -2.66699 -30 -16z" />
    <glyph glyph-name="S" unicode="S" 
d="M318.616 652c-43 -5.68164 -98.8633 20.8555 -111 5c-14.9795 -19.5693 -5.90723 -51.4502 -3 -82c10.5059 -110.377 15.2051 -84.5029 30 -145c5.12891 -20.9688 11 -31 20 -50c10 -22 11.9141 -38.0918 29 -54c29 -27 51.001 -50 86 -59
c26.4346 -6.79785 38 -13 72 -14c33.5273 -0.986328 47.9854 -1 82 -1c24 0 35.0098 -6.80078 59 -8c20 -1 32 3 51 -3c17 -6 29 -11 37 -27c7 -13 8 -28 -3 -37c-24 -18 -44 -17 -73 -21c-36 -5 -56 1 -92 0c-31 -1 -50 1 -80 -6c-35 -8 -56 -13 -88 -30
c-8 -4 -15 -14 -9 -21c19 -20 35 -27 61 -36c23 -8 37 -4 61 -6c25 -2 39 -4 64 -3c58 2 92 -1 149 12c39 9 61 21 93 45c22 16 35 30 44 56c7 22 1 38 -5 60c-6 23 -10 38 -24 57c-13 18 -25 26 -45 37c-28 16 -45 24 -77 31c-28 6 -45 1 -74 3c-30 2 -46 1 -76 5
c-29 4 -45 9 -73 16c-20 5 -33 4 -51 15c-22 13 -32 24 -48 44c-6 8 -8 15 -5 24c11 31 17 50 40 74c16 16 33 15 54 23c29 12 46 18 76 29c23 8 36 12 59 20c24 8 37 12 61 19c20 6 48 -8 53 13c4 19 -27 16 -46 18c-36 5 -57 0 -94 0c-29 0 -46 -1 -75 -1
c-23 0 -36 5 -58 0c-14 -3 -27 -6 -31 -19c-3 -10 9 -15 18 -20c13 -7 22 -6 36 -10c18 -5 29 -7 47 -12c20 -6 30 -12 51 -17c26 -6 41 -4 67 -10c41 -9 64 -18 105 -27c24 -6 38 -8 63 -11c19 -2 35 -17 48 -3c12 14 -4 28 -11 45c-13 32 -21 51 -39 80
c-17 27 -29 43 -52 65c-22 21 -33 39 -62 45c-33 6 -51 -9 -84 -17c-34 -9 -54 -14 -87 -26c-30 -11 -45.6426 -21.8574 -76 -34c-25 -10 -36.9404 -27.4248 -64 -31z" />
    <glyph glyph-name="T" unicode="T" 
d="M401 577v-36c0 0 -1 -23 -1 -37c0 0 -6 -29 -10 -48c0 0 -7 -35 -12 -57c0 0 -7 -34 -12 -55c0 0 -9 -63 -14 -103c0 0 4 -29 7 -48c0 0 5 -23 9 -38c0 0 28 -24 46 -40l45 -10c0 0 24 2 40 3c0 0 20 5 32 9c0 0 16 5 27 9c0 0 23 20 37 32c0 0 22 38 36 63
c0 0 5 57 8 94c0 0 -7 42 -12 69c0 0 -9 33 -15 54c0 0 -5 49 -8 81c0 0 -2 42 -3 57c0 0 10 37 35 56c-3.32798 -0.86371 74.7053 19.488 69 18c0 0 24 -2 40 -4c0 0 25 10 41 16c0 0 4 18 7 30c0 0 -14 20 -23 33c0 0 -59 10 -97 16c0 0 -62 5 -101 8c0 0 -54 5 -88 9
c0 0 -27 -1 -45 -1c0 0 -11 -4 -18 -2c0 0 -35 1 -57 -3c0 0 -70 5 -115 9c0 0 -20 -1 -32 -1l-10 -25c0 0 13 -34 21 -56c0 0 26 -18 43 -29c0 0 35 -5 57 -8c0 0 29 -12 47 -19c0 0 10 -15 17 -25c0 0 5 -13 9 -21z" />
    <glyph glyph-name="U" unicode="U" 
d="M216.098 760c-8.99219 11.1064 3.77148 -47.9834 5 -71c1.72754 -32.3418 11 -49 17 -81c3 -15 2 -24 5 -40c4 -23 6 -36 12 -59c7 -27 12 -41 21 -68c10 -28 15 -45 27 -72c16 -35 22 -56 44 -87c17 -24 30 -35 54 -52c21 -15 35 -20 60 -27c26 -7 41 -8 68 -9
c24 -1 39 0 62 5c21 5 31 10 50 21c24 14 37 23 58 42c17 15 26 25 38 44s16 32 22 54c7 23 8 37 11 60c6 49 10 77 12 127c3 63 9 99 1 162c-2 19 -10 33 -26 42c-14 8 -25 1 -40 -5c-13 -5 -20 -11 -28 -23c-11 -16 -10 -30 -19 -47s-18 -24 -26 -41
c-7 -15 -7 -25 -12 -41c-2 -7 -3 -12 -6 -19c-9 -25 -11.7969 -42.1152 -25 -65c-15 -26 -16 -37 -33 -62c-8 -11 -17.9893 -26.043 -31 -29c-22 -5 -36 0 -56 11c-19 11 -27 23 -39 41c-17 26 -22 43 -34 71c-20 46 -24 75 -49 118c-15 27 -29 39 -52 59
c-14 13 -23.873 17.2744 -41 25c-19 8.57129 -47.1289 12.4551 -50 16z" />
    <glyph glyph-name="V" unicode="V" 
d="M227.93 755c-11 -17 4 -31 6 -51c3 -23 4 -35 7 -58c5 -46 6 -72 13 -118c5 -35 10 -54 17 -88c8 -43 11 -68 21 -111c5 -24 8 -38 18 -61c10 -25 12 -44 33 -61c16 -13 32 -15 52 -10c30 7 45 19 70 38c20 15 27 28 43 48c23 28 36 43 57 72c22 31 31 51 52 82
c24 36 40 55 63 91c17 27 23 43 38 71c12 24 19 37 30 61s19 37 25 62c3 11 6 21 -2 29s-19 6 -29 2c-18 -7 -27 -15 -39 -30c-18 -23 -23 -39 -35 -66c-15 -33 -19 -53 -34 -86c-17 -39 -25 -62 -47 -99c-12 -19 -19 -33 -39 -43c-19 -9 -37 -13 -55 -2
c-26 16 -29 37 -45 63c-17 28 -24 45 -37 74c-14 31 -18.1719 48.9307 -31 81c-8 20 -17 32 -31 48c-15 18 -22.1523 23.7686 -42 37c-15 10 -23 17 -41 23c-14 4 -30 14 -38 2z" />
  </font>
</defs></svg>
